layout_spectrum: 1
typography_spectrum: 0.8708627
color:
  saturation: 0.8951064
  lightness: 0.1810223
  brandStrength: 0.4758897
  rhythmicContrast: 0.5453098
name: Brandon Carlos Scott
